## #iso #point x y time dist2dest source time2dest lat lon
## iso -1 points 15 
-1 0 -93.68 1873.59 0.93 300.06 -1 37.59 44.31725 -1.33679
-1 1 -111.25 1877.95 2.43 0.00 1495372880 0.00 44.35191 -1.51255
-1 2 -119.90 1880.81 3.15 0.00 1495372880 0.00 44.37472 -1.59905
-1 3 -128.24 1885.13 3.86 269.77 0 27.21 44.40910 -2.08240
-1 4 -163.45 1903.50 6.86 242.24 9 26.21 44.55493 -2.43455
-1 5 -194.69 1923.17 9.86 216.09 82 22.05 45.11061 -3.14689
-1 6 -208.54 1936.97 11.36 0.00 1495369360 0.00 45.21955 -3.28535
-1 7 -222.81 1951.04 12.86 188.00 132 19.69 45.33043 -3.42814
-1 8 -252.56 1970.65 15.83 160.10 143 18.68 45.48452 -4.12557
-1 9 -278.65 1990.19 18.80 135.61 163 17.37 46.03766 -4.38646
-1 10 -299.43 2016.22 21.91 113.46 159 15.68 46.24100 -4.59432
-1 11 -319.97 2035.47 24.91 93.02 161 13.32 46.39083 -5.19969
-1 12 -356.71 2078.47 30.91 51.31 152 7.37 47.12421 -5.56711
-1 13 -374.54 2100.54 33.91 30.43 146 4.57 47.29461 -6.14539
-1 14 -400.64 2132.83 38.51 0.00 0 0.00 47.54304 -6.40641


## #iso #point x y time dist2dest source time2dest lat lon
## iso -1 points 3 
-1 0 -93.68 1873.59 0.93 421.64 -1 49.66 44.31725 -1.33679
-1 1 -299.03 2238.79 36.13 0.00 0 0.00 49.15141 -4.59026
-1 2 -400.64 2132.83 50.59 0.00 0 0.00 47.54304 -6.40641


## #iso #point x y time dist2dest source time2dest lat lon
## iso -1 points 14 
-1 0 -93.68 1873.59 0.93 299.26 -1 37.52 44.31725 -1.33679
-1 1 -111.25 1877.95 2.43 0.00 1495372880 0.00 44.35191 -1.51255
-1 2 -128.24 1885.13 3.87 269.77 0 27.21 44.40910 -2.08240
-1 3 -163.45 1903.50 6.87 242.24 9 26.21 44.55493 -2.43455
-1 4 -194.69 1923.17 9.87 216.09 82 22.05 45.11061 -3.14689
-1 5 -224.08 1947.74 12.87 188.00 132 19.69 45.30448 -3.44077
-1 6 -251.53 1973.67 15.86 160.10 143 18.68 45.50824 -4.11532
-1 7 -276.89 1995.75 18.86 135.61 163 17.37 46.08120 -4.36888
-1 8 -299.43 2016.22 21.85 113.46 159 15.68 46.24100 -4.59432
-1 9 -319.97 2035.47 24.85 93.02 161 13.32 46.39083 -5.19969
-1 10 -338.40 2056.61 27.85 72.33 155 10.24 46.55498 -5.38401
-1 11 -356.71 2078.47 30.85 51.31 152 7.37 47.12421 -5.56711
-1 12 -374.54 2100.54 33.85 30.43 146 4.57 47.29461 -6.14539
-1 13 -400.64 2132.83 38.45 0.00 0 0.00 47.54304 -6.40641


## #iso #point x y time dist2dest source time2dest lat lon
## iso -1 points 14 
-1 0 -93.68 1873.59 0.93 300.06 -1 37.59 44.31725 -1.33679
-1 1 -111.25 1877.95 2.43 0.00 1495372880 0.00 44.35191 -1.51255
-1 2 -119.90 1880.81 3.15 0.00 1495372880 0.00 44.37472 -1.59905
-1 3 -128.24 1885.13 3.86 269.77 0 27.21 44.40910 -2.08240
-1 4 -163.45 1903.50 6.86 242.24 9 26.21 44.55493 -2.43455
-1 5 -194.69 1923.17 9.86 216.09 82 22.05 45.11061 -3.14689
-1 6 -208.54 1936.97 11.36 0.00 1495369360 0.00 45.21955 -3.28535
-1 7 -222.81 1951.04 12.86 188.00 132 19.69 45.33043 -3.42814
-1 8 -252.56 1970.65 15.83 160.10 143 18.68 45.48452 -4.12557
-1 9 -278.65 1990.19 18.80 135.61 163 17.37 46.03766 -4.38646
-1 10 -299.43 2016.22 21.91 113.46 159 15.68 46.24100 -4.59432
-1 11 -319.97 2035.47 24.91 93.02 161 13.32 46.39083 -5.19969
-1 12 -356.71 2078.47 30.91 51.31 152 7.37 47.12421 -5.56711
-1 13 -400.64 2132.83 38.51 0.00 0 0.00 47.54304 -6.40641


## #iso #point x y time dist2dest source time2dest lat lon
## iso -1 points 13 
-1 0 -93.68 1873.59 0.93 299.88 -1 37.58 44.31725 -1.33679
-1 1 -111.25 1877.95 2.43 0.00 1495372880 0.00 44.35191 -1.51255
-1 2 -119.90 1880.81 3.15 0.00 1495372880 0.00 44.37472 -1.59905
-1 3 -128.24 1885.13 3.86 269.77 0 27.21 44.40910 -2.08240
-1 4 -163.45 1903.50 6.86 242.24 9 26.21 44.55493 -2.43455
-1 5 -194.69 1923.17 9.86 216.09 82 22.05 45.11061 -3.14689
-1 6 -208.54 1936.97 11.36 0.00 1495369360 0.00 45.21955 -3.28535
-1 7 -252.56 1970.65 15.83 160.10 143 18.68 45.48452 -4.12557
-1 8 -278.65 1990.19 18.80 135.61 163 17.37 46.03766 -4.38646
-1 9 -299.43 2016.22 21.91 113.46 159 15.68 46.24100 -4.59432
-1 10 -319.97 2035.47 24.91 93.02 161 13.32 46.39083 -5.19969
-1 11 -356.71 2078.47 30.91 51.31 152 7.37 47.12421 -5.56711
-1 12 -400.64 2132.83 38.51 0.00 0 0.00 47.54304 -6.40641


## #iso #point x y time dist2dest source time2dest lat lon
## iso -1 points 12 
-1 0 -93.68 1873.59 0.93 299.87 -1 37.62 44.31725 -1.33679
-1 1 -119.90 1880.81 3.18 0.00 1495372880 0.00 44.37472 -1.59905
-1 2 -128.24 1885.13 3.89 269.77 0 27.21 44.40910 -2.08240
-1 3 -163.45 1903.50 6.89 242.24 9 26.21 44.55493 -2.43455
-1 4 -194.69 1923.17 9.89 216.09 82 22.05 45.11061 -3.14689
-1 5 -208.54 1936.97 11.39 0.00 1495369360 0.00 45.21955 -3.28535
-1 6 -252.56 1970.65 15.86 160.10 143 18.68 45.48452 -4.12557
-1 7 -278.65 1990.19 18.83 135.61 163 17.37 46.03766 -4.38646
-1 8 -299.43 2016.22 21.94 113.46 159 15.68 46.24100 -4.59432
-1 9 -319.97 2035.47 24.94 93.02 161 13.32 46.39083 -5.19969
-1 10 -356.71 2078.47 30.94 51.31 152 7.37 47.12421 -5.56711
-1 11 -400.64 2132.83 38.55 0.00 0 0.00 47.54304 -6.40641


## #iso #point x y time dist2dest source time2dest lat lon
## iso -1 points 12 
-1 0 -93.68 1873.59 0.93 299.90 -1 37.62 44.31725 -1.33679
-1 1 -119.90 1880.81 3.18 0.00 1495372880 0.00 44.37472 -1.59905
-1 2 -128.47 1884.40 3.89 269.77 0 27.21 44.40328 -2.08470
-1 3 -163.45 1903.50 6.89 242.24 9 26.21 44.55493 -2.43455
-1 4 -194.69 1923.17 9.89 216.09 82 22.05 45.11061 -3.14689
-1 5 -208.54 1936.97 11.39 0.00 1495369360 0.00 45.21955 -3.28535
-1 6 -252.56 1970.65 15.86 160.10 143 18.68 45.48452 -4.12557
-1 7 -278.65 1990.19 18.83 135.61 163 17.37 46.03766 -4.38646
-1 8 -299.43 2016.22 21.94 113.46 159 15.68 46.24100 -4.59432
-1 9 -319.97 2035.47 24.94 93.02 161 13.32 46.39083 -5.19969
-1 10 -356.71 2078.47 30.94 51.31 152 7.37 47.12421 -5.56711
-1 11 -400.64 2132.83 38.55 0.00 0 0.00 47.54304 -6.40641


## #iso #point x y time dist2dest source time2dest lat lon
## iso -1 points 11 
-1 0 -93.68 1873.59 0.93 299.82 -1 37.63 44.31725 -1.33679
-1 1 -119.90 1880.81 3.18 0.00 1495372880 0.00 44.37472 -1.59905
-1 2 -128.47 1884.40 3.89 269.77 0 27.21 44.40328 -2.08470
-1 3 -163.45 1903.50 6.89 242.24 9 26.21 44.55493 -2.43455
-1 4 -194.69 1923.17 9.89 216.09 82 22.05 45.11061 -3.14689
-1 5 -252.56 1970.65 15.86 160.10 143 18.68 45.48452 -4.12557
-1 6 -278.65 1990.19 18.84 135.61 163 17.37 46.03766 -4.38646
-1 7 -299.43 2016.22 21.95 113.46 159 15.68 46.24100 -4.59432
-1 8 -319.97 2035.47 24.95 93.02 161 13.32 46.39083 -5.19969
-1 9 -356.71 2078.47 30.95 51.31 152 7.37 47.12421 -5.56711
-1 10 -400.64 2132.83 38.56 0.00 0 0.00 47.54304 -6.40641


## #iso #point x y time dist2dest source time2dest lat lon
## iso -1 points 10 
-1 0 -93.68 1873.59 0.93 299.81 -1 37.65 44.31725 -1.33679
-1 1 -119.90 1880.81 3.18 0.00 1495372880 0.00 44.37472 -1.59905
-1 2 -128.47 1884.40 3.89 269.77 0 27.21 44.40328 -2.08470
-1 3 -163.45 1903.50 6.89 242.24 9 26.21 44.55493 -2.43455
-1 4 -194.69 1923.17 9.89 216.09 82 22.05 45.11061 -3.14689
-1 5 -252.56 1970.65 15.86 160.10 143 18.68 45.48452 -4.12557
-1 6 -278.65 1990.19 18.84 135.61 163 17.37 46.03766 -4.38646
-1 7 -299.43 2016.22 21.95 113.46 159 15.68 46.24100 -4.59432
-1 8 -319.97 2035.47 24.95 93.02 161 13.32 46.39083 -5.19969
-1 9 -400.64 2132.83 38.58 0.00 0 0.00 47.54304 -6.40641


## #iso #point x y time dist2dest source time2dest lat lon
## iso -1 points 8 
-1 0 -93.68 1873.59 0.93 300.12 -1 37.66 44.31725 -1.33679
-1 1 -102.49 1874.86 1.68 0.00 1495372880 0.00 44.32737 -1.42488
-1 2 -111.30 1877.57 2.42 0.00 1495369360 0.00 44.34890 -1.51295
-1 3 -128.47 1884.40 3.87 269.77 0 27.21 44.40328 -2.08470
-1 4 -164.47 1900.39 6.87 242.24 9 26.21 44.53023 -2.44465
-1 5 -278.65 1990.19 18.83 135.61 163 17.37 46.03766 -4.38646
-1 6 -299.43 2016.22 21.95 113.46 159 15.68 46.24100 -4.59432
-1 7 -400.64 2132.83 38.59 0.00 0 0.00 47.54304 -6.40641


## #iso #point x y time dist2dest source time2dest lat lon
## iso -1 points 7 
-1 0 -93.68 1873.59 0.93 300.07 -1 37.67 44.31725 -1.33679
-1 1 -111.30 1877.57 2.43 0.00 1495369360 0.00 44.34890 -1.51295
-1 2 -128.47 1884.40 3.88 269.77 0 27.21 44.40328 -2.08470
-1 3 -164.47 1900.39 6.88 242.24 9 26.21 44.53023 -2.44465
-1 4 -278.65 1990.19 18.84 135.61 163 17.37 46.03766 -4.38646
-1 5 -299.43 2016.22 21.96 113.46 159 15.68 46.24100 -4.59432
-1 6 -400.64 2132.83 38.60 0.00 0 0.00 47.54304 -6.40641


## #iso #point x y time dist2dest source time2dest lat lon
## iso -1 points 7 
-1 0 -93.68 1873.59 0.93 300.03 -1 37.69 44.31725 -1.33679
-1 1 -119.90 1880.81 3.18 0.00 1495372880 0.00 44.37472 -1.59905
-1 2 -128.47 1884.40 3.89 269.77 0 27.21 44.40328 -2.08470
-1 3 -164.47 1900.39 6.89 242.24 9 26.21 44.53023 -2.44465
-1 4 -278.65 1990.19 18.86 135.61 163 17.37 46.03766 -4.38646
-1 5 -299.43 2016.22 21.98 113.46 159 15.68 46.24100 -4.59432
-1 6 -400.64 2132.83 38.62 0.00 0 0.00 47.54304 -6.40641


## #iso #point x y time dist2dest source time2dest lat lon
## iso -1 points 6 
-1 0 -93.68 1873.59 0.93 299.97 -1 37.74 44.31725 -1.33679
-1 1 -128.47 1884.40 3.93 269.77 0 27.21 44.40328 -2.08470
-1 2 -164.47 1900.39 6.93 242.24 9 26.21 44.53023 -2.44465
-1 3 -278.65 1990.19 18.91 135.61 163 17.37 46.03766 -4.38646
-1 4 -299.43 2016.22 22.02 113.46 159 15.68 46.24100 -4.59432
-1 5 -400.64 2132.83 38.67 0.00 0 0.00 47.54304 -6.40641


## #iso #point x y time dist2dest source time2dest lat lon
## iso -1 points 9 
-1 0 -93.68 1873.59 0.93 300.15 -1 37.66 44.31725 -1.33679
-1 1 -102.49 1874.86 1.68 0.00 1495372880 0.00 44.32737 -1.42488
-1 2 -106.92 1875.85 2.05 0.00 1495369360 0.00 44.33521 -1.46919
-1 3 -111.30 1877.57 2.42 0.00 1495369360 0.00 44.34890 -1.51295
-1 4 -128.47 1884.40 3.87 269.77 0 27.21 44.40328 -2.08470
-1 5 -164.47 1900.39 6.87 242.24 9 26.21 44.53023 -2.44465
-1 6 -278.65 1990.19 18.83 135.61 163 17.37 46.03766 -4.38646
-1 7 -299.43 2016.22 21.95 113.46 159 15.68 46.24100 -4.59432
-1 8 -400.64 2132.83 38.59 0.00 0 0.00 47.54304 -6.40641


## #iso #point x y time dist2dest source time2dest lat lon
## iso -1 points 8 
-1 0 -93.68 1873.59 0.93 300.14 -1 37.67 44.31725 -1.33679
-1 1 -106.92 1875.85 2.06 0.00 1495369360 0.00 44.33521 -1.46919
-1 2 -111.30 1877.57 2.43 0.00 1495369360 0.00 44.34890 -1.51295
-1 3 -128.47 1884.40 3.87 269.77 0 27.21 44.40328 -2.08470
-1 4 -164.47 1900.39 6.87 242.24 9 26.21 44.53023 -2.44465
-1 5 -278.65 1990.19 18.84 135.61 163 17.37 46.03766 -4.38646
-1 6 -299.43 2016.22 21.95 113.46 159 15.68 46.24100 -4.59432
-1 7 -400.64 2132.83 38.60 0.00 0 0.00 47.54304 -6.40641


## #iso #point x y time dist2dest source time2dest lat lon
## iso -1 points 8 
-1 0 -93.68 1873.59 0.93 300.16 -1 37.67 44.31725 -1.33679
-1 1 -106.92 1875.85 2.06 0.00 1495369360 0.00 44.33521 -1.46919
-1 2 -111.36 1877.20 2.43 0.00 1495369360 0.00 44.34594 -1.51365
-1 3 -128.47 1884.40 3.88 269.77 0 27.21 44.40328 -2.08470
-1 4 -164.47 1900.39 6.88 242.24 9 26.21 44.53023 -2.44465
-1 5 -278.65 1990.19 18.84 135.61 163 17.37 46.03766 -4.38646
-1 6 -299.43 2016.22 21.96 113.46 159 15.68 46.24100 -4.59432
-1 7 -400.64 2132.83 38.60 0.00 0 0.00 47.54304 -6.40641


## #iso #point x y time dist2dest source time2dest lat lon
## iso -1 points 8 
-1 0 -93.68 1873.59 0.93 300.16 -1 37.67 44.31725 -1.33679
-1 1 -106.92 1875.85 2.06 0.00 1495369360 0.00 44.33521 -1.46919
-1 2 -111.36 1877.19 2.43 0.00 1495369360 0.00 44.34594 -1.51365
-1 3 -128.47 1884.40 3.88 269.77 0 27.21 44.40328 -2.08470
-1 4 -164.47 1900.39 6.88 242.24 9 26.21 44.53023 -2.44465
-1 5 -278.65 1990.19 18.84 135.61 163 17.37 46.03766 -4.38646
-1 6 -299.43 2016.22 21.96 113.46 159 15.68 46.24100 -4.59432
-1 7 -400.64 2132.83 38.60 0.00 0 0.00 47.54304 -6.40641


## #iso #point x y time dist2dest source time2dest lat lon
## iso -1 points 8 
-1 0 -93.68 1873.59 0.93 300.16 -1 37.67 44.31725 -1.33679
-1 1 -106.92 1875.85 2.06 0.00 1495369360 0.00 44.33521 -1.46919
-1 2 -111.36 1877.19 2.43 0.00 1495369360 0.00 44.34594 -1.51365
-1 3 -128.47 1884.40 3.88 269.77 0 27.21 44.40328 -2.08470
-1 4 -164.47 1900.39 6.88 242.24 9 26.21 44.53023 -2.44465
-1 5 -278.65 1990.19 18.84 135.61 163 17.37 46.03766 -4.38646
-1 6 -299.43 2016.22 21.96 113.46 159 15.68 46.24100 -4.59432
-1 7 -400.64 2132.83 38.60 0.00 0 0.00 47.54304 -6.40641


